RDA2
A
2
67840
66560
1026
1
5129
7
rfvar3X
1555
4
1550
180
1.07906923300912
0.9456428374455892
0.2770937881715622
0.03189722813780503
-0.1968777558478152
0.01881860026720823
-0.06994549177404528
0.8813503778088199
-0.07368482460484753
0.02979877165336206
-0.01373502944238312
-0.06824424499284593
-0.06985157175444913
0.04146876572574344
1.114751829858855
0.09134420644632028
0.2227280231623283
0.02510325208088271
0.7631247543808044
0.5918440116657835
0.5746639086262705
1.16425857774396
0.4387932067672461
0.4744716994184153
-0.1860938391545676
0.5041590046807932
0.0701793667393459
-0.05630837152616757
0.4252279983832993
0.134250839808438
0.1232288416441094
-0.276742244073842
-0.1063554039499108
-0.08805661982481214
0.05600372753959022
1.098586523362195
-0.01977654880983748
-0.3331188658185247
-0.1178196791315122
0.01320163038285003
0.1001234360887101
0.1497046285501741
0.03203452266491125
0.08739802046423419
-0.02685415277324504
-0.06521634099085664
0.008492245128545262
0.08354754469239374
0.1581554108651788
0.2412749480553162
0.140270879539481
0.03783208370921894
-0.2062691292876735
-0.2751831653825242
-0.6778296042484073
-1.539331356939938
-0.6754137092548333
-0.05105480204741562
-0.3670539502629013
-0.6110919384537236
-0.1351397498082508
-0.7128184574432417
-0.1706709497898206
-0.06014081632317107
0.2510079342656107
-0.1602150480862458
0.008733599241442109
-0.2614332973671967
0.08334175383583266
0.01788791667508534
0.1561135710231972
0.01891963427265447
0.3072558581246214
0.07526404437926915
0.2606762691528339
0.04738671784316831
-0.0339250569996705
0.07920737423475641
0.09509406850505678
0.1865972919181016
0.1537111284872487
0.04325017456331334
0.01293163613428442
-0.01905128752184752
-0.2617143410405127
-0.7789578524119571
-0.624995303411049
-0.1876952615284807
0.01121770998184133
0.2248991497535104
-0.6390876838055819
0.8821348551390592
-0.1578366417841879
0.0177225917119789
-0.002634448906131824
0.1720354033010153
0.1474653176796017
0.09538643693023674
0.04651337931729251
0.1088914040851652
0.04098066194233701
-0.0327146773737195
-0.2180066141928017
0.3238449610920581
0.1051006276423092
0.07352231720859702
-0.1194441602825599
-0.115242568923389
-0.2625056067230116
-0.5279531252035182
-0.2213302554878851
-0.13619658594022
0.09358657318625878
-0.04662613861420564
-0.0570414207488634
0.03706792068692522
0.0156897036080689
0.02992733696204807
-0.004106845256915406
0.02110973390810571
0.2804555513911925
0.5295435470073286
0.2893878501619142
0.0263494437696858
-0.02753350927613833
-0.1299150957956635
0.5004170778414917
-0.4534113582745125
-0.1692439801216957
-0.05037827780642597
-0.2357082471491326
-0.184364978254477
-0.1016755310835833
0.2646217914549142
0.02016963057661271
-0.01285346391325371
0.2616799875292123
0.09946477721926221
0.1615408276668148
-0.2532812764857512
-0.1771290185919276
-0.04442487119420503
-0.1186098842267491
0.3630209252278079
-0.1040453938891473
-0.1598901077178169
-0.1986277346386419
0.04370600758297399
0.03708503020288351
-0.2011111196048595
-0.0001551460916906814
-0.1924720583965739
-0.0688775429448817
-0.0377638910104905
-0.003584693031186048
-0.01736408903044558
-0.107047609252762
-0.03337969666137941
0.08057662372749474
0.03216530835835214
-0.0001499655938592473
0.1550901851734505
0.05337226817030229
0.5187504712359514
0.4278266334374752
-0.08054957169768948
0.1666032077016869
0.148949549424563
0.2302957839225021
-0.3415360490211609
-0.04642682503146531
0.001789339848360843
-0.02050385324072326
-0.01125502282736747
-0.07515222237789761
0.4615996821926871
0.09470426247562164
0.04052449809223576
0.02491827074346877
-0.3663333209251647
1026
1
5129
3
dim
1037
3
6
6
5
1026
1
5129
8
dimnames
1043
3
1040
6
1033
4
cons
1033
6
invest
1033
3
GDP
1033
4
Empl
1033
5
dPGDP
1033
2
RW
1040
6
1033
4
cons
1033
6
invest
1033
3
GDP
1033
4
Empl
1033
5
dPGDP
1033
2
RW
1040
5
1033
1
1
1033
1
2
1033
1
3
1033
1
4
1033
1
5
254
1550
6
0.1599005570066383
1.082475357908262
0.2861254643986397
0.091697386600776
0.1579455970047057
0.1272885474681671
1026
767
1037
2
6
1
1026
1023
1043
2
1040
6
1033
4
cons
1033
6
invest
1033
3
GDP
1033
4
Empl
1033
5
dPGDP
1033
2
RW
1040
1
1033
0

254
1550
798
0.07786993428271671
0.1610299904589283
0.5728175737945094
-0.6088651196823776
0.8610889075116575
0.04142387499177858
0.4458409710532578
0.237422665333952
-0.3118066096521943
-0.1256858925366942
-0.6273028726268421
0.1405382445946088
-0.1839492721817351
-0.8408420980881601
0.008328972865911055
0.6012304592809414
1.028074811897568
0.4449127744717316
-0.2295085439784543
-0.2491783618556838
-0.05783669287097837
0.4227746462456707
0.02507088626566656
0.175226228129759
-0.101890851240114
0.1570391133536759
-0.4009824562140238
-0.0925348924129139
0.1924822607973056
0.7366421120398172
-0.04404540144787461
0.3833891266272076
-0.5513103857213082
0.5090686620401357
0.2623315679791176
-1.20691077330207
0.2896244732401101
-0.3938080424481996
-0.6103705000391528
-0.5468413030173451
0.4636278996320016
0.03579561115793695
0.3016977575593955
-0.3998206469998422
-0.2484275031010839
0.002651176377867159
0.3626325817785983
0.1037583610398087
-0.3970836562500608
-0.05749749029268969
0.7845826503701119
-0.3053147723385337
-0.1810262505102855
-0.3649946783184532
-0.1320121769763318
0.8646391384545495
0.7146823643236075
0.01139540436724928
-0.5432371122694803
1.071493107161359
0.4413411209650349
-0.2600744806868533
-0.4881546033102495
0.6576787341027739
0.3565510725593413
0.2540730213002007
-0.4056819376369276
-0.2814526291615493
0.6930567254303241
0.2876358647893085
0.06992994036909295
0.06996191614166491
0.1018798034617703
0.1070080336453429
0.6711431429873755
-0.2894069893018241
-0.4978354283211956
0.2225914525745338
0.4181329739706143
0.03132704376707807
-0.2039017359425088
0.4979169402945445
0.1639358840909608
-0.4131684648675673
-0.6252378903643603
0.176037688440374
-2.46757838184817
0.365367550184601
0.08345167360062078
0.7429651510983604
-0.136502010888762
0.05593758555664863
0.2188573853966318
-0.06046003196252059
-0.1912051863700981
0.4296783993534063
-0.2453855886715246
-0.4445894928578582
0.5815188307899462
-0.5441182846607262
0.3127851034596461
-0.5012753925730067
-0.1820100009201724
0.4703046805273061
-0.5612462065496402
0.318143839235745
0.910916650369245
0.08609339557528983
-0.01384146986879387
-0.06844245654269798
0.3847123617040324
-0.430326831083903
0.1814553745589365
-0.1386305698720207
0.01493571027663165
0.05336948309241052
-0.5312282421243708
-0.5178118239405194
0.3213088566787974
-0.06887973661810065
0.2163496660928104
-0.6696277198748248
-0.6893168353876717
0.02589842731981662
0.1909826690794034
0.3978922204219089
-0.4667671807819715
0.00628958400193369
0.03221942208273388
0.00681791314955485
0.007382029606038003
0.1533603910243301
-0.07297509816479947
0.2487403972481843
0.8177059782763081
0.188983972997903
-0.03390553826329779
1.402850109217525
1.134680870433158
0.7381391515557425
-1.24887401727301
0.04328686426970307
-0.4492062177469052
-0.4982345340504253
-1.252008711153621
0.02439690112237258
-1.06617302637369
-0.1436548549688723
0.4282731098405748
0.4004312503577694
1.407249792721586
-0.8201391369846078
-0.3653694899526272
-1.315291429683612
1.70042920556034
1.70019491377343
-2.022205298161225
-0.1058557767651109
0.7006507215237434
-0.6435073135262428
0.5189443363951796
0.2544213932073944
0.08763328690747585
-1.922736702324073
2.014287069744569
-0.1893432388505971
2.472811368920702
1.899267515492056
-2.568422391488184
0.4777674544675392
-0.6951349887438028
-0.6747637831829252
0.3710732098284097
0.02370520132831189
-1.652706777798585
0.3004370547646431
0.492070899188775
-0.3470257900848992
0.3545490469489323
0.3644138189556543
-0.2939092205331235
0.2533225208537715
-0.3784117749687539
-0.2926551449534145
-2.125249816882388
0.7057634704235625
0.2712927248721826
-1.02223712087698
1.623949984480987
1.281318974432679
-1.3455589965738
-1.962380258467874
1.965504856055304
-0.3261436467246313
-0.2148621432918389
-3.407278612444088
2.368171112897016
0.540954996049777
0.338813948814277
-0.008460095448981519
0.9269562297481571
1.374736363379043
0.3851735239193204
1.005419658572464
-1.020215468746528
-0.08663348203049281
1.536758747872909
1.549525626779086
-1.469250233190678
-1.011073882117216
0.9145468051526677
0.07396705735095566
0.9990561270008129
-0.6275077425725613
0.5551609159374493
-0.1101688075618767
-0.5881524580292989
-2.23562658648234
-1.188253535731292
-3.839111340810405
-0.5629257630951088
0.1750632462958492
0.2527044018995639
1.100970121404089
1.032822805322212
1.156973930217418
0.402754697877981
0.6016523469493222
-0.1859557337313618
-0.6890996123588593
-0.4739508052978181
-1.644112521631769
1.784290316558781
0.3348572376567063
0.1809302660449248
-0.8706977977108181
0.8362687780529541
0.4383680688165441
0.9830582607653469
1.13286927217041
-1.144755847825991
-0.5390825600297831
-0.958735195446252
0.4898248108409007
-0.3336555418495664
0.9164487191867465
-0.2023260760824996
0.4832858827712698
0.2197266341397608
-0.03108414253779301
-0.1933016101595513
-0.4045604638367877
-1.809096770229417
-0.6108927762513758
-1.058621434179486
-0.982344842757584
-0.5188716525694872
0.6809638853501383
-0.1712511650971464
0.5022798952786616
0.1412736787474872
0.1398294420032471
0.1339410569111371
0.03097904070515933
0.6460348786342478
1.273804576926072
0.3397297280471321
0.03291970008399403
0.6209831342775942
-0.3986227489590419
0.2829929375354823
0.4201455508018626
0.5406970713806913
-0.1518407654298244
0.4325592446409701
-0.1456841352091942
0.0363215351328563
0.1300467284268052
0.1687258546410249
-1.608409994256135
-0.8091375117992357
0.6797015028489568
0.4888902309066907
0.08007039402468763
-0.01585013730414175
-0.02542778046540661
-0.3848897179730102
0.8178809038442978
0.09550032488732541
-0.3763790532532312
-0.4513586955044957
0.5963115201248002
-0.2504051481237184
0.175266939756284
-0.2708098008861271
0.7686321432731802
-0.04415321670126104
0.1799701461684435
-0.155752158739233
0.7703134471751127
0.438293327221345
-1.212522362436403
0.05036262017779336
-0.5280016978456388
0.05268562248079434
0.4555653098063885
0.2292693313920608
-0.007673235972561088
-0.1359629882401805
0.03771093500813549
-0.4314543464695362
0.05003073984789808
0.3961381310903107
0.6725605260280645
-0.2635766288624382
0.2766384215381095
0.7214256482518522
-0.857598662231112
0.4285128062458625
0.2356375581066459
-0.3000906770569145
0.8111757435635809
0.5318662108393255
-0.4340778965633945
-1.389037759767007
1.007197793956038
-0.1767550690719872
-0.2427797946149894
-1.425192718996186
0.9566852381906301
0.2554584828455972
0.3855244894650696
-0.2973332278761518
-0.277149292041031
0.6233795621794798
0.621296671363325
0.08674827941672447
0.04850534242632421
-0.2302205593512099
0.5692153969416722
0.7614542585463369
-0.6841690938786087
0.1053927778459638
-0.1907160563171146
-0.09998825535944889
0.210665274472376
0.001481616481896708
0.06631331145672448
0.2318379928804006
-0.5791804850703102
-0.7272836691702196
-0.5607339260359367
-1.734408607576825
0.2646395763192686
-0.007271882621125769
0.2607065868276095
0.1268741295923519
0.5360051705151818
0.385889948923932
0.07706482749767929
0.1851535807970777
-0.2051655040304468
-0.2863025745398318
-0.109363563478837
0.1163917552160001
-0.3653844073380696
0.1511987878568561
-0.0117400565159187
0.01566803865921429
0.8283827279362868
0.04972931857719232
-0.01746539483610832
0.4531205084704197
-0.3492598601178543
-0.418546781881787
-0.6445947051815892
0.1164565994365603
-0.2445807727631291
0.4551845987657543
0.1131434234337121
0.03355081694394357
0.1663182820016118
-0.1884634787900268
0.0726773574458548
0.01694134494346144
-0.6852406891055125
0.2089155566754926
-0.5446354461716965
-0.4330921387538638
0.1268715210599112
0.46679529428161
-0.0595226344466937
-0.3518220889145596
0.01947529788855593
0.03753240814694424
0.02162765937919175
0.008774842303673924
0.2725464475321605
0.07156543798122855
-0.3700779024625263
-0.2505656938217271
-0.06306145016833398
-0.04619091341305648
0.2109524406287164
0.2633711677992778
0.13931786481362
0.1324320546289073
0.2319034155184454
-0.2347887469513807
0.09409372718596387
-0.04433284106312385
-0.1547025267675508
-0.1246310773474306
0.1848650311201254
-0.04966251984205883
0.281350947826013
0.293322630558805
-0.06160236907885519
0.3147336947411077
-0.1734423722207339
-0.2375414359314618
0.1732993443717987
0.05402727102250537
-0.1472392375303571
-0.02756261422018724
0.1676709947930703
-0.03650566479200279
0.03261525908078511
0.03307519403074366
0.2465047500493256
-0.03026880663151132
-0.06457562911054993
0.1399647729076605
0.1073680439208147
-0.1365510840682873
0.0758934194630001
-0.1564896418694843
0.1605380003381924
-0.2568779297389483
0.001917387292678541
0.2800178623110696
-0.1415942932724192
0.1938235165712285
-0.2004355973467682
0.1245119645038812
-0.2860552750687475
0.09510376306934631
-0.02736692400981156
0.1221667970660292
-0.4238069026164339
-0.2316546465779084
0.1378290713073511
0.1284978251787834
-0.223392289470894
0.1728525721841834
0.1513316638777269
-0.01750887338266693
0.08268794493756104
0.1915656947180651
-0.1553014867936326
-0.1870866647857383
-0.3424450301740762
0.3485036326753743
-0.022920622672018
-0.254674677450339
0.1084170835376881
-0.08076290847088785
0.02476863675838104
-0.008057244515612183
0.01268575849007902
-0.1249740503524208
0.1729203679356033
0.08555092509254791
0.385818817949712
-0.0101831409940587
-0.1786118149570939
0.02159716001983725
0.03317441243075336
-0.2910713195324206
-0.4076597564705935
-0.04992266067711171
-0.4745040785562651
0.05787506349747673
-0.4483960562999982
-0.2447531090801931
-0.2614253883496076
-0.004553228291115374
0.1960248773143576
0.01551414221125924
-0.1310897576215666
0.06811859574122536
0.1227420000966504
-0.09220007650174011
0.03953824268023709
0.05990802905284909
0.06361739856129134
-0.09105302085049516
-0.2171098627397896
0.1088825458757583
-0.1591068567843195
-0.1415585530294265
0.02144658261568111
0.1303424489392455
0.03622054424704402
-0.05129442745396773
0.2125170717890796
0.1828289384759501
0.0550006758926429
0.06895424281810847
0.07892431987352211
-0.07898386021588522
0.1828729425781148
0.07231537452707926
0.09805280145405959
0.09612241380068554
0.04492078225416662
0.1950192651074758
0.130162703374026
-0.2355447460731739
0.0007138184159884986
-0.008601548057413311
0.1648024608850847
-0.1032370034890846
-0.05586703002609283
0.007229069160757717
0.08154500119053409
0.01279770903293091
0.009447136136423701
0.01123780861329805
0.003432257130953076
0.06325555726898881
0.1158423054953756
-0.1710567181650862
-0.1374441471333661
0.1554838954007096
-0.4744547151128411
-0.08209198774878668
0.1016136840329438
0.6199146777392661
-0.2455726077645561
0.3196859525725375
0.2463031718590352
-0.1583124509470797
0.1584891223519662
0.2519568423330001
-0.03820024790015664
-0.3626459830379485
0.00304747903741287
-0.2721658817855253
-0.442539246150043
0.03084985684991626
0.453146975818068
0.5037287668504837
-0.5033827334196292
-0.1883714891890089
-0.0328489406617094
-0.3105836864669702
0.1342390430149671
0.07310544635693095
-0.07290479864318877
0.1734385636506368
-0.5805724078399959
0.1875660208445935
-0.2509000010852205
0.6935686816952846
0.1408806758153727
0.181822084187282
-0.08762648689546015
-0.1549179634644053
-0.2463087491119058
0.2167562683542781
-0.04021779833967365
0.4317591508466854
0.3739580594246852
-0.1594153899429096
-0.2077730894871763
-0.3212462084446603
-0.04673939444530495
0.4243497471228368
-0.08665583389572307
0.08011177165182271
0.04629889715661473
-0.4395912872818919
-0.2331966180318799
-0.07093574011087167
0.039893693087516
-0.3144430759691352
-0.06408593177508815
0.2659062136735291
0.112968313303724
0.4088843904093882
-0.1128804151833127
-0.1844928098563734
-0.2824325615052262
-0.1092795245769783
0.1878089445319563
-0.3303370714706172
0.2702696204280238
-0.08038236478429117
-0.1903498673703012
0.1287323986872123
0.08702463436132457
0.1797402967413693
-0.3358352278220068
0.01685784442660454
0.2613937408086089
-0.114528891315121
-0.2580285159041233
-0.1597847206797964
-0.5140338456187891
0.509301859819999
0.373276597461029
0.1403023792143936
0.1684053498723204
-0.2208597383144675
-0.1581616271544295
0.1494590557951754
-0.06620423233637474
0.3784227037587174
0.307767107293499
0.006910838668789498
-0.07460537470437567
0.1127745474368641
-0.2863922471017914
0.03692751898537316
-0.08048110304063816
0.02763121808100233
0.1526922684400309
0.08355233303421161
-0.1841956005946865
-0.1092137042263258
-0.0492146926188361
-0.1557997085337848
0.0997802799179473
-0.2313175546997853
-0.09760116111249134
-0.08517560543995212
-0.1148684188359393
-0.1608144255505604
0.4312690024613425
-0.0317115217724025
0.01067419259414365
-0.03097384853110324
-0.1357055053697418
-0.1241394476525401
-0.197740950400955
-0.03495998784013526
-0.2382642234449552
0.04882052211861965
-0.1822551180003578
0.5074479754618109
-0.1028116252634783
-0.1472263468831919
0.5318805264644173
0.1766544462615172
-0.4232145700783607
0.0150700167707582
-0.1168513213499147
0.2159502843861798
0.01988833538293128
0.006427086775100239
0.01830069988208103
0.000536919606646008
0.1413330548788436
0.215785211238163
0.4887655710420233
0.4325739241736244
0.8256780400437265
-0.5039006050727011
0.0652816868801267
0.1711319881530073
0.3505431046505549
0.2100127107284493
0.1131520279978702
-0.05608611150421439
-0.3950281558185935
0.933441301580487
0.1025364687555879
0.2550535978044337
-0.2586197767245579
0.2623472678144196
0.6654583396553164
-0.2404354675609568
-0.4290283302187561
-0.3337645488134342
-0.00904163590519147
0.8599846635876531
-0.3275990847463959
-0.2627859067513043
-0.1150131763714342
0.007148899511264517
-0.567707875878483
-0.3100346933090634
-0.06803592832764593
0.6268270464758245
-0.3578063661125839
-0.01479284105028
0.4177615875734944
-0.1698223124825518
0.03836758464535706
-0.1906812367107307
-0.2583920595357085
0.1480925441432532
-0.8554136879462533
0.72076604945849
0.4059639048966233
-0.5840825426890888
-0.361558854880542
-0.2363304434561826
0.1544029196929841
-0.1712265775221056
-0.2518244861890082
0.4873647458716164
0.03771225039145065
-0.6579464258192331
0.761077628676702
-1.026062987469146
0.7000089826988471
0.3512169601044093
0.08418251034657942
0.8137601145395479
-0.252116187987383
-0.2481285681635939
-1.246959375447545
-0.2559959488047809
0.0306141452865063
0.1159660547712349
-0.5967567106036711
0.7901008989372542
0.1153709050952614
0.3624578054856897
-0.4372848126525355
-0.5877531285790383
0.2547630868433259
-0.546881914481304
0.1329471434107177
0.09733750042840938
0.2781500253491913
0.1944457325998599
0.0007125918309611734
0.5440498924079122
-0.2486193000584933
0.045760236829409
-0.617764412078543
0.7502140173118903
0.2546091503625405
-0.1083810576675717
0.4589099998024437
-0.2281907411263262
0.8980251273405031
-0.3100316921131991
-1.474915874849415
0.2623859572784113
-0.3150130462447578
0.2817524095761144
0.2461025062875137
-0.09321576844729407
0.2814016609367798
0.6502360509352911
0.3260909178466704
0.07646427466315231
0.03779638348083836
-0.1745411739039184
0.2635647209325782
-0.5393144225226649
0.6308195703747685
-0.1458705048140985
0.2040716503949227
0.6860593860954793
-0.1736102106209501
-0.39847865907808
-0.5475231068594724
-0.3395201260391048
0.06025027192208654
0.05784392013976003
-0.06077245300096479
0.5372215008747219
-0.2451875828793106
-0.1850706866598557
0.0319395019913884
-0.08251998337041755
-0.1860611977469944
-0.254112887567743
-0.5916818449371419
0.1420689135725013
0.1643524072755724
-0.4729122981178477
-0.3169976754730897
0.05877604263059766
0.3869236821770698
0.2730187503297259
-0.2357967487818087
0.01702738942139043
0.005605244671521677
0.01511295073544425
0.0006126813890608429
-0.1003115027716772
0.2222116319781833
1026
767
1037
2
133
6
1026
1023
19
2
254
1040
6
1033
4
cons
1033
6
invest
1033
3
GDP
1033
4
Empl
1033
5
dPGDP
1033
2
RW
254
1550
961
0.06184014716018526
-0.0008538981384880389
-0.03427118441317749
-0.01434739163830704
0.0138397684479976
-0.01057783698481776
-0.05307653104211685
0.001932706012178281
0.04296871101218908
-0.01377314969410833
0.003158446391125595
-0.002934742609919755
-0.006951270039223433
-0.002103769085537633
-0.003964582800911306
0.01202238720644934
-0.007899749728109313
0.0008262524611843791
-0.005901914774088486
-0.000112944043345271
-0.006453032557899923
0.04538799891934034
-0.01139020968276736
0.01617646385884514
0.004089198338040459
0.00113813476889528
0.001719750708835016
-0.02928978716030358
0.002274553493260988
-0.003568979870430597
0.003529296443184207
-0.0008538981384880389
0.0136456537238046
-0.0204169210411921
-0.01693203525130222
0.005600623608887595
0.001712886214741526
-0.004627650783642356
-0.01334361701404401
0.02369108313816558
0.02147256045576339
-0.008539668350311858
-0.00181936456776873
0.002318869158273149
-0.002615031673914155
-0.0004227814674436983
0.008097023154520542
0.006418794934515852
0.005307189191200204
0.006315618532458427
0.001669387317289157
-0.006698768843132772
-0.02052105623610041
0.001796993365180602
-0.001629681815741289
-0.003152377977186119
0.0006440273907830829
0.003847875613747098
0.007883590903085703
-0.004335113393436878
-0.003497239592447333
-0.008317441745624796
-0.03427118441317749
-0.0204169210411921
0.09600928193395522
-0.01434719565979031
-0.01624360818467793
-0.0214674790065681
0.02528081556667806
0.02209080116342887
-0.1055930400963243
0.02208291376865331
0.008477147081420621
0.03287447027860484
0.01436265139910489
0.004617785768592681
-0.0118833005143802
-0.006361501406567032
0.0002919401850719858
-0.009298909573757707
-0.01025312015814016
-0.006828959736713025
0.03673655805739685
0.01343422022040459
0.008071783079692864
-0.01137373209745206
0.00488013751218301
0.0005371196020840882
-0.015270007284741
-0.0148084692896471
0.002035180838543065
0.009156453398563708
0.004816089165600223
-0.01434739163830704
-0.01693203525130222
-0.01434719565979031
0.3270982364288662
-0.01974627299714135
0.05169855827231652
0.0250204453480429
0.004495508600848045
-0.008980711228745273
-0.374047010925836
0.02172225785047462
-0.03053499241473778
-0.02749009689691456
0.02107848347186306
0.01576017246218934
-0.007287758948258951
0.0164664870219342
-0.01350134150363125
-0.01463217085162478
-0.006215415562252582
0.02199195579441372
-0.02033671257797161
-0.03035523833062988
-0.01606752203939873
0.03145031762726458
-0.002426466500969283
-0.01442338947859444
0.07457343108792358
0.01307115215224967
0.008568393134430998
-0.0175368819162724
0.0138397684479976
0.005600623608887595
-0.01624360818467793
-0.01974627299714135
0.1218259626126884
0.005918859957041422
0.006398500597433023
-0.001310780351829193
-0.009977305144518856
-0.03051978144198713
-0.04959262788548689
-0.01682383607117482
-0.008113985033876904
-0.006170790997842792
0.02515569439527387
0.05865212149497794
-0.03124415849473935
-0.01159741976631408
0.00307387888879918
0.0007166577354066744
-0.007485221629281701
-0.005661964910622081
-0.003332185838992135
0.02142547870938499
-0.01519705542509994
0.001164697418604868
0.008551413276321621
-0.002724053816556884
-0.03406063313855195
0.00122037189511507
-0.01853625891103296
-0.01057783698481776
0.001712886214741526
-0.0214674790065681
0.05169855827231652
0.005918859957041422
0.05119617342121562
0.01387285111929151
0.0001476013410528125
0.0121299280846902
-0.07627018916233105
-0.004955821190214448
-0.05510924037951393
-0.0134260055901495
-0.002608112469934182
0.02410552619880552
0.02526473379960522
-0.005526535113216431
-0.001853583920492492
2.784755816687668e-05
0.001111175451575978
-0.01464274446937526
-0.01426895827085958
-0.001654151126967854
0.005891153779307612
0.01010376339450798
-0.0003637471801483433
-0.0001247378698604839
0.01357582462927476
0.002691926845777184
-1.54177394216419e-05
-0.006351531424801675
-0.05307653104211685
-0.004627650783642356
0.02528081556667806
0.0250204453480429
0.006398500597433023
0.01387285111929151
0.113479420366637
0.003458244226153476
-0.07462782842226215
-0.01601810820122542
0.007132693222497727
-0.01484906447620159
-0.04844167142204895
0.002299549433585048
0.05263115609073099
-0.02124951438361292
-0.001680866096347765
-0.006139878055342112
0.0004158210588859763
-0.0006318095487238527
-0.003101551388791594
-0.02286802939889618
0.00414266086187071
-0.006649033199700892
-0.01237707267156354
-0.0004985000921837034
-0.00018263216764513
0.03511518389234453
-0.01732838597331455
0.01376078361403324
0.002795208976954612
0.001932706012178281
-0.01334361701404401
0.02209080116342887
0.004495508600848045
-0.001310780351829193
0.0001476013410528125
0.003458244226153476
0.02656142566209338
-0.04396759200646913
-0.02834402427690115
0.009436193222908836
0.0001259731522054489
-0.007912061544823414
-0.01101939331205373
0.02416614042006174
0.01607573371336703
-0.01353434614995978
-0.006541167466721154
-0.002774140931446446
-0.003420381387690346
0.003568181818583297
0.02437094795915944
0.003293745626920776
0.006379511701960995
0.005295195832538926
0.001222007214154251
-0.005857572852147151
-0.01659816127543445
0.002661324861364971
-0.0001234826839282004
-0.0002480808071341391
0.04296871101218908
0.02369108313816558
-0.1055930400963243
-0.008980711228745273
-0.009977305144518856
0.0121299280846902
-0.07462782842226215
-0.04396759200646913
0.2168348908684457
0.003469025664327695
-0.01226771495682997
-0.04526080801150763
0.01534252624060245
0.01414343925955413
-0.09556073870326887
0.01900065742676457
0.006899140906027938
0.04517620023287822
0.02163083573188829
0.0114500387833255
-0.04910114291804181
-0.00115843592099021
-0.001187086625709722
0.007127665825230396
-0.00531429030247958
-0.005316917708108068
0.03341999561153198
-0.01233052872574031
0.01486650116021047
-0.01918141181029121
0.003297285215604559
-0.01377314969410833
0.02147256045576339
0.02208291376865331
-0.374047010925836
-0.03051978144198713
-0.07627018916233105
-0.01601810820122542
-0.02834402427690115
0.003469025664327695
0.7612133978709683
-0.01193258110090526
0.1034321996798878
0.06192709342252258
-0.01317490431112837
-0.03761076112866458
-0.396491865768875
0.01883108840430903
-0.006888163964388697
-0.005205157231693003
0.02576399347300004
-0.01112711807722735
0.0002122126014118719
0.04184880089734938
-0.01568989087842176
-0.02693212554839517
-0.005718794355979395
0.02318468466952893
0.009112906101195728
-0.01980648647881826
-0.004731634549226591
0.02172349478954801
0.003158446391125595
-0.008539668350311858
0.008477147081420621
0.02172225785047462
-0.04959262788548689
-0.004955821190214448
0.007132693222497727
0.009436193222908836
-0.01226771495682997
-0.01193258110090526
0.1293612698843166
0.01852360313553363
-0.0002078158855137388
0.004543253688870052
-0.01738360628640364
-0.07183954248860634
-0.03796296863920592
-0.01709053424440231
-0.009864581474713341
-0.004817697882731522
0.02881269454131292
0.07407123296604728
-0.03559976119810185
-0.0205383026437926
-0.0002181507258432047
-0.0006215225290543895
-0.007637996924760199
-0.01202124386971007
-0.002136986048846373
0.02411077384843189
-0.01325544251659741
-0.002934742609919755
-0.00181936456776873
0.03287447027860484
-0.03053499241473778
-0.01682383607117482
-0.05510924037951393
-0.01484906447620159
0.0001259731522054489
-0.04526080801150763
0.1034321996798878
0.01852360313553363
0.112589735105729
0.03116730404861626
0.005635713056143586
-0.01679692751744033
-0.102812363693336
0.006547988681823064
-0.0503831937448363
-0.01171473457622575
-0.005176470608290748
0.04463479977362185
0.02713389714594011
-0.008552517590089506
-0.01697090180402493
-0.001668968290573219
0.001233994570674321
-0.01545169979547844
0.002781231077236288
0.0008154908764722597
0.009850238081583454
0.002132052028573851
-0.006951270039223433
0.002318869158273149
0.01436265139910489
-0.02749009689691456
-0.008113985033876904
-0.0134260055901495
-0.04844167142204895
-0.007912061544823414
0.01534252624060245
0.06192709342252258
-0.0002078158855137388
0.03116730404861626
0.1111610427756113
0.006112847565841112
-0.0769015055597544
-0.02790380740364992
0.01059877350443602
-0.01703685034711767
-0.04990675812725006
0.001085565326402848
0.05989318288586174
-0.02285540204674573
-0.003381571792458754
-0.01279335240665474
-0.005861449569521277
-0.001605249445539039
-0.01269694525449097
0.01632219371784156
0.002026825798641594
0.01206888598173997
7.807300535266925e-05
-0.002103769085537633
-0.002615031673914155
0.004617785768592681
0.02107848347186306
-0.006170790997842792
-0.002608112469934182
0.002299549433585048
-0.01101939331205373
0.01414343925955413
-0.01317490431112837
0.004543253688870052
0.005635713056143586
0.006112847565841112
0.02740607025874718
-0.04482292759562723
-0.03057496560448533
0.01012990519296215
-0.0006199887429209328
-0.009251912490839804
-0.01190272199444397
0.02919060929327786
0.0174582378834069
-0.012692671609979
-0.006724683195305564
0.0029432776277565
-0.001868861419401489
-0.003128900637490598
0.005213168223128288
0.005009620893924905
0.004311776770553504
-0.0009627916554108483
-0.003964582800911306
-0.0004227814674436983
-0.0118833005143802
0.01576017246218934
0.02515569439527387
0.02410552619880552
0.05263115609073099
0.02416614042006174
-0.09556073870326887
-0.03761076112866458
-0.01738360628640364
-0.01679692751744033
-0.0769015055597544
-0.04482292759562723
0.2152573515717161
0.01593240826838694
-0.01477417695167152
-0.04143376732995193
0.0227230062273243
0.01670726710833147
-0.1072399032592476
0.002225400296746835
0.006014983760364634
0.04364297886505268
0.005511837924263508
0.00437204304349669
-0.000573518145452017
0.003692754467306642
-0.003942539157664361
-0.00952048119920202
0.008460391399667503
0.01202238720644934
0.008097023154520542
-0.006361501406567032
-0.007287758948258951
0.05865212149497794
0.02526473379960522
-0.02124951438361292
0.01607573371336703
0.01900065742676457
-0.396491865768875
-0.07183954248860634
-0.102812363693336
-0.02790380740364992
-0.03057496560448533
0.01593240826838694
0.7990677233452874
-0.01497984617104553
0.09546351719396645
0.0606507235070145
-0.01362957311270406
-0.03738795028348823
-0.4003745138779605
0.01602641791221312
0.0003774325019894589
-0.02352012324419976
0.02003157215743219
0.00881609934694145
0.005086259947863116
0.01389758397538223
-0.01831585372975133
-0.0004362704690925099
-0.007899749728109313
0.006418794934515852
0.0002919401850719858
0.0164664870219342
-0.03124415849473935
-0.005526535113216431
-0.001680866096347765
-0.01353434614995978
0.006899140906027938
0.01883108840430903
-0.03796296863920592
0.006547988681823064
0.01059877350443602
0.01012990519296215
-0.01477417695167152
-0.01497984617104553
0.1308354574175118
0.02176704921883856
-0.001847655111232836
0.001313041000464968
-0.005059001973554886
-0.07583606041055044
-0.03627244301630557
-0.02216459378391634
0.0008303891782571857
-0.004326715012762577
0.01264287658905518
0.05551848502257974
-0.0219535782776936
-0.0005284681702084319
-0.01791185687559649
0.0008262524611843791
0.005307189191200204
-0.009298909573757707
-0.01350134150363125
-0.01159741976631408
-0.001853583920492492
-0.006139878055342112
-0.006541167466721154
0.04517620023287822
-0.006888163964388697
-0.01709053424440231
-0.0503831937448363
-0.01703685034711767
-0.0006199887429209328
-0.04143376732995193
0.09546351719396645
0.02176704921883856
0.108584321927309
0.02956401165570627
0.004624847324657115
-0.01736587659466443
-0.09554202716122381
0.01326899434996766
-0.0476849494541564
-0.007213332623393812
-0.002770754478302473
0.02292253188587571
0.02046801814609041
-0.005022765223221059
-0.008625138520857448
-0.005339812691068952
-0.005901914774088486
0.006315618532458427
-0.01025312015814016
-0.01463217085162478
0.00307387888879918
2.784755816687668e-05
0.0004158210588859763
-0.002774140931446446
0.02163083573188829
-0.005205157231693003
-0.009864581474713341
-0.01171473457622575
-0.04990675812725006
-0.009251912490839804
0.0227230062273243
0.0606507235070145
-0.001847655111232836
0.02956401165570627
0.1078228663299909
0.005835895266391717
-0.07824362937353657
-0.03407337147380832
0.01432068973856399
-0.01373050258647593
-0.05242979035790504
-0.0001256117671204315
0.04414307412961053
-0.0067401227050277
-0.004930387902717125
-0.00409864911444181
-0.003106065813556809
-0.000112944043345271
0.001669387317289157
-0.006828959736713025
-0.006215415562252582
0.0007166577354066744
0.001111175451575978
-0.0006318095487238527
-0.003420381387690346
0.0114500387833255
0.02576399347300004
-0.004817697882731522
-0.005176470608290748
0.001085565326402848
-0.01190272199444397
0.01670726710833147
-0.01362957311270406
0.001313041000464968
0.004624847324657115
0.005835895266391717
0.02684741467222992
-0.04712992437630942
-0.02379649292804004
0.01196567154859114
0.001688813205835939
-0.006176712649634057
-0.01319376581706136
0.02580157169661557
0.01787746247756097
-0.009415931345113633
-0.002243611478702223
0.0002189146071582026
-0.006453032557899923
-0.006698768843132772
0.03673655805739685
0.02199195579441372
-0.007485221629281701
-0.01464274446937526
-0.003101551388791594
0.003568181818583297
-0.04910114291804181
-0.01112711807722735
0.02881269454131292
0.04463479977362185
0.05989318288586174
0.02919060929327786
-0.1072399032592476
-0.03738795028348823
-0.005059001973554886
-0.01736587659466443
-0.07824362937353657
-0.04712992437630942
0.2319822458142304
0.005919902518341594
-0.02053104169396141
-0.05231306203823659
0.02790474039522654
0.02106996146764037
-0.1123779812348465
0.02060328331596301
0.003732419387538046
0.03963180813697571
0.005080326633083355
0.04538799891934034
-0.02052105623610041
0.01343422022040459
-0.02033671257797161
-0.005661964910622081
-0.01426895827085958
-0.02286802939889618
0.02437094795915944
-0.00115843592099021
0.0002122126014118719
0.07407123296604728
0.02713389714594011
-0.02285540204674573
0.0174582378834069
0.002225400296746835
-0.4003745138779605
-0.07583606041055044
-0.09554202716122381
-0.03407337147380832
-0.02379649292804004
0.005919902518341594
0.7964662489847615
-0.02441112240722148
0.09924082692205725
0.03440738996119378
0.0024878346625699
-0.02042229074544763
-0.3759673193182584
0.03309442345339784
-0.01677578841287707
0.01746091736498146
-0.01139020968276736
0.001796993365180602
0.008071783079692864
-0.03035523833062988
-0.003332185838992135
-0.001654151126967854
0.00414266086187071
0.003293745626920776
-0.001187086625709722
0.04184880089734938
-0.03559976119810185
-0.008552517590089506
-0.003381571792458754
-0.012692671609979
0.006014983760364634
0.01602641791221312
-0.03627244301630557
0.01326899434996766
0.01432068973856399
0.01196567154859114
-0.02053104169396141
-0.02441112240722148
0.1199259337900079
0.01274181101928384
-0.003691441222545122
-0.004363485035663001
0.007631498534365296
-0.003108820219189099
-0.04186001458343353
-0.01581172668831201
-0.00660900991298472
0.01617646385884514
-0.001629681815741289
-0.01137373209745206
-0.01606752203939873
0.02142547870938499
0.005891153779307612
-0.006649033199700892
0.006379511701960995
0.007127665825230396
-0.01568989087842176
-0.0205383026437926
-0.01697090180402493
-0.01279335240665474
-0.006724683195305564
0.04364297886505268
0.0003774325019894589
-0.02216459378391634
-0.0476849494541564
-0.01373050258647593
0.001688813205835939
-0.05231306203823659
0.09924082692205725
0.01274181101928384
0.1101942727315069
0.01699615392035356
0.0002859404084374479
0.01291590218072965
-0.06786088358731179
0.008694763293524527
-0.05146315629777091
0.002085844721583868
0.004089198338040459
-0.003152377977186119
0.00488013751218301
0.03145031762726458
-0.01519705542509994
0.01010376339450798
-0.01237707267156354
0.005295195832538926
-0.00531429030247958
-0.02693212554839517
-0.0002181507258432047
-0.001668968290573219
-0.005861449569521277
0.0029432776277565
0.005511837924263508
-0.02352012324419976
0.0008303891782571857
-0.007213332623393812
-0.05242979035790504
-0.006176712649634057
0.02790474039522654
0.03440738996119378
-0.003691441222545122
0.01699615392035356
0.06657955280813485
0.001090734359910287
-0.03298212388985636
-0.01540537579720892
0.01795703882301552
-0.01816245192226981
-0.003488845465914687
0.00113813476889528
0.0006440273907830829
0.0005371196020840882
-0.002426466500969283
0.001164697418604868
-0.0003637471801483433
-0.0004985000921837034
0.001222007214154251
-0.005316917708108068
-0.005718794355979395
-0.0006215225290543895
0.001233994570674321
-0.001605249445539039
-0.001868861419401489
0.00437204304349669
0.02003157215743219
-0.004326715012762577
-0.002770754478302473
-0.0001256117671204315
-0.01319376581706136
0.02106996146764037
0.0024878346625699
-0.004363485035663001
0.0002859404084374479
0.001090734359910287
0.01319631144633232
-0.02066265225151579
-0.014374227789241
0.006080603782519615
0.00155283947152096
0.009101400696880984
0.001719750708835016
0.003847875613747098
-0.015270007284741
-0.01442338947859444
0.008551413276321621
-0.0001247378698604839
-0.00018263216764513
-0.005857572852147151
0.03341999561153198
0.02318468466952893
-0.007637996924760199
-0.01545169979547844
-0.01269694525449097
-0.003128900637490598
-0.000573518145452017
0.00881609934694145
0.01264287658905518
0.02292253188587571
0.04414307412961053
0.02580157169661557
-0.1123779812348465
-0.02042229074544763
0.007631498534365296
0.01291590218072965
-0.03298212388985636
-0.02066265225151579
0.09480252734722848
0.002844873660537287
-0.0166918200410463
-0.0200866833884365
-0.02183935184315966
-0.02928978716030358
0.007883590903085703
-0.0148084692896471
0.07457343108792358
-0.002724053816556884
0.01357582462927476
0.03511518389234453
-0.01659816127543445
-0.01233052872574031
0.009112906101195728
-0.01202124386971007
0.002781231077236288
0.01632219371784156
0.005213168223128288
0.003692754467306642
0.005086259947863116
0.05551848502257974
0.02046801814609041
-0.0067401227050277
0.01787746247756097
0.02060328331596301
-0.3759673193182584
-0.003108820219189099
-0.06786088358731179
-0.01540537579720892
-0.014374227789241
0.002844873660537287
0.2871953231743238
-0.04025655683924704
0.03125496922323729
-0.0214270305930862
0.002274553493260988
-0.004335113393436878
0.002035180838543065
0.01307115215224967
-0.03406063313855195
0.002691926845777184
-0.01732838597331455
0.002661324861364971
0.01486650116021047
-0.01980648647881826
-0.002136986048846373
0.0008154908764722597
0.002026825798641594
0.005009620893924905
-0.003942539157664361
0.01389758397538223
-0.0219535782776936
-0.005022765223221059
-0.004930387902717125
-0.009415931345113633
0.003732419387538046
0.03309442345339784
-0.04186001458343353
0.008694763293524527
0.01795703882301552
0.006080603782519615
-0.0166918200410463
-0.04025655683924704
0.1032316987373987
-0.00728174527910543
0.00045524764372077
-0.003568979870430597
-0.003497239592447333
0.009156453398563708
0.008568393134430998
0.00122037189511507
-1.54177394216419e-05
0.01376078361403324
-0.0001234826839282004
-0.01918141181029121
-0.004731634549226591
0.02411077384843189
0.009850238081583454
0.01206888598173997
0.004311776770553504
-0.00952048119920202
-0.01831585372975133
-0.0005284681702084319
-0.008625138520857448
-0.00409864911444181
-0.002243611478702223
0.03963180813697571
-0.01677578841287707
-0.01581172668831201
-0.05146315629777091
-0.01816245192226981
0.00155283947152096
-0.0200866833884365
0.03125496922323729
-0.00728174527910543
0.05017785372838834
0.005681881430670308
0.003529296443184207
-0.008317441745624796
0.004816089165600223
-0.0175368819162724
-0.01853625891103296
-0.006351531424801675
0.002795208976954612
-0.0002480808071341391
0.003297285215604559
0.02172349478954801
-0.01325544251659741
0.002132052028573851
7.807300535266925e-05
-0.0009627916554108483
0.008460391399667503
-0.0004362704690925099
-0.01791185687559649
-0.005339812691068952
-0.003106065813556809
0.0002189146071582026
0.005080326633083355
0.01746091736498146
-0.00660900991298472
0.002085844721583868
-0.003488845465914687
0.009101400696880984
-0.02183935184315966
-0.0214270305930862
0.00045524764372077
0.005681881430670308
1.334132773874928
1026
767
1037
2
31
31
1026
1023
1043
2
1040
31
1033
5
cons1
1033
5
cons2
1033
5
cons3
1033
5
cons4
1033
5
cons5
1033
7
invest1
1033
7
invest2
1033
7
invest3
1033
7
invest4
1033
7
invest5
1033
4
GDP1
1033
4
GDP2
1033
4
GDP3
1033
4
GDP4
1033
4
GDP5
1033
5
Empl1
1033
5
Empl2
1033
5
Empl3
1033
5
Empl4
1033
5
Empl5
1033
6
dPGDP1
1033
6
dPGDP2
1033
6
dPGDP3
1033
6
dPGDP4
1033
6
dPGDP5
1033
3
RW1
1033
3
RW2
1033
3
RW3
1033
3
RW4
1033
3
RW5
1033
0

1040
31
1033
5
cons1
1033
5
cons2
1033
5
cons3
1033
5
cons4
1033
5
cons5
1033
7
invest1
1033
7
invest2
1033
7
invest3
1033
7
invest4
1033
7
invest5
1033
4
GDP1
1033
4
GDP2
1033
4
GDP3
1033
4
GDP4
1033
4
GDP5
1033
5
Empl1
1033
5
Empl2
1033
5
Empl3
1033
5
Empl4
1033
5
Empl5
1033
6
dPGDP1
1033
6
dPGDP2
1033
6
dPGDP3
1033
6
dPGDP4
1033
6
dPGDP5
1033
3
RW1
1033
3
RW2
1033
3
RW3
1033
3
RW4
1033
3
RW5
1033
0

254
1026
1
5129
5
names
1040
4
5129
2
By
5129
2
Bx
5129
1
u
5129
3
xxi
254
254
