"1" -1.28861510354619 0.105843187888604 0.326023110255373 -1.25528360789278 -1.12964657453600
"2" -1.93333540004897 -0.132854837991458 -1.01318279233364 -1.07463471104368 0.506240495066583
"3" 0.593714469430252 2.04494948626702 0.0652237014332959 0.189762091177199 -2.05636852712723
"4" 1.27736696350358 -0.53916696467769 0.278278747230529 0.508767767345917 1.14636469654685
"5" 2.62090824374563 -1.54986849039548 -0.180668351304678 0.272512123439497 0.758896206382277
"6" -1.07190069673986 0.158613610352189 -1.08552577534848 1.03185217425710 1.66904449862384
"7" -0.120812185814751 -0.694069242960769 -0.443876094465988 -0.547690591124603 1.70867804041226
"8" 0.151684579792916 -0.255874815562006 1.29200099842514 -0.618256037702815 1.41501701131382
"9" -1.08530680504605 -1.16756042551763 1.11785232301820 0.499340911449963 -0.0311950978209099
"10" -0.681376106220108 0.487347806693945 -1.13619418053060 0.270237324002202 0.0268518967041806
"11" 0.169251088903074 -1.62422520047902 1.04423318571022 -0.939480766662715 0.756274224117489
"12" 0.409907505273411 -0.923150491771534 0.365487658600457 0.512552475323525 0.270524175834701
"13" -0.918290647013983 0.473845963153327 0.239623669408014 -0.641972398683672 1.23786639326434
"14" -0.676368834981263 -0.594349084665646 -0.500138725331817 0.905412726903786 0.276653657974536
"15" 0.92692555528511 -0.504208582100278 -0.221628120344195 -0.871359496536594 1.24957983595762
"16" 0.257862253659109 0.285563723995147 -0.348668538770310 -0.381953442827294 1.57141902371188
"17" 0.346949185250136 -1.10371639337458 1.23556262469696 -0.859671792160854 0.452130639853540
"18" -0.143182316449461 -1.79997961401197 -0.809630569507689 -0.616183471231141 -0.214274979944037
"19" 0.0431188088290021 1.06862036393418 1.55722405440727 -0.385055198238686 -1.83259719570251
"20" 0.677692068767298 1.75267982352898 0.807238590463593 -0.420015509365123 -1.03981392895131
