RDA2
A
2
132865
131840
1026
1
4105
5
bdout
531
4
527
25
0.2794050426460689
-0.1977699233250342
0.1893538853438643
-0.1340294471105539
-0.6126289355524818
0.4336341837766626
-0.09550993703852977
0.06760433793894027
0.4097032727150632
-0.289998290880931
-0.5235161505425581
-0.1736703005624661
-0.07868001583759011
-0.2241838368607783
0.2047561824313324
-0.1273676993785714
-0.107301065303427
0.3214082645089701
0.6745434600362973
0.1065233943569189
-0.2513062755334889
0.1612046115530091
-0.02547097320791925
0.4289805950983314
0.1104152393062876
0.3360030285190754
-0.07367336985950156
-0.6964447597206699
0.331084248076516
0.03187003774971949
0.5388219759637005
-0.3813917596582919
-0.2047401536092461
0.1449202351446037
-0.1369281397209085
0.09692118451830216
-0.5562597035540651
0.3937346222489213
-0.07611424733073349
0.05387558046906876
0.6241396288031735
-0.4417817422460747
-0.1806109627798424
0.1278409864129652
-0.05685341432093232
0.04024227796511207
-0.4866537179105644
0.3444657532503172
-0.06309085653741683
0.04465729659618661
1026
1
4105
3
dim
13
2
5
5
254
527
25
0.2267013970384283
0.1604649561273724
-0.1730065477242267
-0.01830436577829323
-0.08774902545281654
0.1014028903040422
-2.760017903210932
-1.953610156511019
3.249286780385375
2.299926985326053
0.5071297242067585
0.358959185998884
-0.4845710928831071
0.5356794027941625
-0.2093333397788129
-0.9153241826797469
-1.089823914803125
-0.7714048036757448
0.1300845579320385
0.09207712503807829
-0.5616905946879356
-0.397578743718457
0.3617870902673179
0.06725888873353771
0.1852979685183963
-0.271270186327848
-2.480997256427822
-1.756112318255111
2.58603172519359
1.830458359534709
0.1132391841779877
0.08015354540554555
-0.1929435456382816
-0.2064595793669846
-0.1094119794219679
0.4932458287813247
-2.595379811194636
-1.837075170148266
2.175886441818519
1.540147202380818
0.4236096579890913
0.2998415804770204
0.8379418910759584
-0.1826513213722326
0.4081601942238574
0.06323997324292728
-1.928932500040591
-1.365346985220441
2.098097744165803
1.485086403818851
1026
767
13
2
5
5
254
527
25
-2.491054999879506
-3.805549625424121e-16
6.00946159154403e-16
-1.913887884980037e-16
-2.939407614879763e-16
2.612249609332262e-16
-1.834361655628225e-15
-9.470505976660881e-17
1.855828858643438e-15
7.433832195646861e-16
-0.01615819259220237
-0.2049017938782234
-0.8384878819504922
0.6766918442655209
-1.441175737776357e-16
-1.751359203060882e-16
-8.628080888639644e-16
-1.693523793422358e-16
7.935275700421407e-16
4.608672384692758e-16
-0.2040576849458574
0.1912490993478937
-0.2923430288817403
-1.04394719900482
-0.8384878819504922
-0.6766918442655206
1.929500396263828e-15
-1.169467897087911e-15
-1.131798647857618e-15
8.662097731801377e-16
6.688172151519955e-18
-7.459310946700271e-17
-9.209281015727655e-17
-3.332837478220441e-16
8.741380015664379e-17
1.571483286381958e-16
1.153055336067716
2.734967742730465e-16
3.948122211105964e-16
1.657067495372533e-16
-2.542725145021629e-16
-1.973925580281422e-16
6.855545861897405e-17
-3.165870343657673e-16
3.461823655428325e-17
7.326496180570796e-17
6.787105599759258e-16
-1.183609959175269e-16
1.293685427712773
-1.665808875388197e-16
1026
767
13
2
5
5
254
13
3
3
1
1
1026
1
4105
5
names
16
4
4105
1
P
4105
4
Pinv
4105
1
D
4105
9
blockDims
254
254
