5.1333      1.481663795      1.078336557        0.962549616
5.2333      1.792290695      1.371251992        1.772169757
5.5333      1.670737665      1.555127588        1.880224836
6.2667      1.618390358      1.596892533        1.775316394
6.8         1.590997284      1.468688705        0.45389998
7           1.013024602      1.20981186         0.737533222
6.7667      0.980203729      1.005072773        1.058341839
6.2         0.621741834      0.821297083        1.036626988
5.6333      0.892857143      1.282413956        2.304292329
5.5333      1.284622732      1.360064003        1.046817891
5.5667      1.170536734      1.365876555        1.08152483
5.5333      1.359380199      1.455992509        1.396399383
5.7667      1.206757844      1.163765013        1.13069152
5.7333      0.976000754      1.002878633        0.405548123
5.5         1.204025962      0.916836451        0.737527992
5.5667      1.27080891       1.162844354        2.388728355
5.4667      1.454222388      1.237806           1.430776142
5.2         1.531565185      1.466396984        1.315471301
5           1.380239799      1.771129669        1.953165395
4.9667      1.356732728      1.637549605        1.85222302
4.9         1.225975941      1.722648971        1.770907973
4.6667      1.508462104      1.839351244        1.781212563
4.3667      1.558560623      1.794409378        1.773316122
4.1         1.525880579      1.952248452        2.485408685
3.8667      1.971497519      2.131367292        2.487995956
3.8333      2.283436028      2.633569109        3.797946955
3.7667      2.685624013      3.166799539        3.904900304
3.7         3.167889124      3.437953955        3.567117995
3.8333      2.665654581      3.298770617        1.937487927
3.8333      2.356484763      2.982098739        2.530979272
3.8         2.514285714      2.936504529        3.721011392
3.9         2.608278449      3.166226913        4.494736332
3.7333      3.405384247      3.777900131        4.376625628
3.5667      3.942357625      4.284692117        4.548508915
3.5333      4.060543693      4.337490095        3.93122134
3.4         4.323060574      4.640706212        5.71473401
3.4         4.235363392      4.56678774         4.082010288
3.4333      4.513093801      4.798805344        5.479509996
3.5667      4.734434876      5.308390295        5.967478547
3.5667      4.783636215      5.168131825        5.152659495
4.1667      4.98325465       5.577238311        5.7110106
4.7667      4.78428873       5.665100516        5.83107205
5.1667      4.500747502      4.972480547        3.216269419
5.8333      4.643023798      4.98912962         5.219385969
5.9333      4.40464294       5.09408155         6.134339059
5.9         4.440389294      5.000546707        5.454811649
6.0333      4.44620134       5.214246972        4.059113532
5.9333      3.734671126      4.712770895        3.227679797
5.7667      3.865410102      4.871785852        6.780503983
5.7         3.319743739      4.09594224         2.368643472
5.5667      3.222434488      4.010722755        3.718774412
5.3667      3.442593588      4.401786628        4.788936397
4.9333      3.601049125      4.061850138        5.396554881
4.9333      4.971110485      5.178565474        6.834063883
4.8         5.936376017      6.221913825        7.895887404
4.7667      7.220529159      6.802743305        7.099779467
5.1333      9.055764625      7.561643836        8.424269913
5.2         9.964759188      8.141525585        9.15659846
5.6333      10.88110228      9.385012598        12.94479147
6.6         11.3820613       10.81552151        12.81313561
8.2667      10.21112401      11.10545084        9.563422927
8.8667      8.588694909      10.29610085        6.010569729
8.4667      7.756109162      8.986463429        7.675230373
8.3         6.892851965      7.629690949        7.299525881
7.7333      6.085619948      6.381314562        4.567958523
7.5667      5.660801619      5.964595184        4.359236079
7.7333      5.294231247      5.430017743        5.518788122
7.7667      5.162497965      5.360851173        7.018230655
7.5         5.854574725      5.927541009        6.835874778
7.1333      6.751436476      6.486730547        6.580388992
6.9         6.733742074      6.51157035         5.617278634
6.6667      6.59357668       6.487249367        6.920517433
6.3333      6.504106256      6.490988727        6.850881976
6           6.865188139      6.826533497        7.930057169
6.0333      7.116555381      7.196300771        7.087215006
5.9         7.586941265      7.568209862        8.412066376
5.8667      7.772859251      7.7225631          7.465498975
5.7         8.45050717       8.25137817         10.06504885
5.8667      9.201329208      8.603385863        8.486912205
5.9667      9.755713514      8.527000042        8.107382987
6.3         10.95751259      8.929875441        9.070146093
7.3333      10.63880109      8.69795486         9.130688311
7.6667      10.49737671      8.921799529        9.383316694
7.4         10.57938639      9.820310053        11.71893448
7.4333      10.15603232      10.26068302        10.83015653
7.4         9.343723886      9.782242045        7.248830366
7.4         8.632150726      9.325295023        7.573509128
8.2333      7.623019183      8.197130381        7.178363862
8.8333      6.240401814      6.943334607        5.781534693
9.4333      5.509641873      6.397869653        5.077421531
9.9         5.414619648      5.920115318        5.654350835
10.6667     5.001033271      5.208882446        4.328502355
10.3667     4.583099502      4.629404025        3.470188433
10.1333     4.544765434      4.092732232        2.938072819
9.3667      4.288983979      3.717183865        4.137852791
8.5333      3.823066326      3.372686562        2.949281837
7.8667      4.032651468      3.764767982        5.048947121
7.4333      4.086170504      3.942602611        3.645560263
7.4333      3.52735369       3.733483873        3.302332235
7.3         3.480087832      3.592850651        2.392135853
7.2333      3.491825315      3.503994734        4.688991086
7.3         3.27404449       3.118373641        2.10957673
7.2         3.142953701      2.77544897         1.935025988
7.0333      3.306567337      2.788337817        2.443508624
7.0333      2.940554582      2.139346632        2.069959727
7.1667      2.227418533      2.098012712        1.944389544
6.9667      2.336768736      2.259717213        2.582347259
6.8333      2.26238326       2.362764762        2.857064236
6.6         2.677562758      2.623832437        3.115233666
6.2667      3.498533724      2.68024394         2.168726509
6           3.773667283      2.791966972        3.029542521
5.8333      3.913125154      2.762645914        2.739755934
5.7         3.643689986      2.827040296        3.373938004
5.4667      3.897373417      3.281027104        3.985032253
5.4667      4.076795782      3.714091219        4.768480095
5.3333      4.209369916      3.83783199         3.230947305
5.2         4.53993989       4.055576418        4.243755826
5.2333      4.742490148      4.045367616        3.944230735
5.2333      4.16503847       3.590275408        2.947451105
5.3667      4.009981585      3.447242987        2.661981951
5.3         4.311129281      3.610094344        4.901728562
5.3333      4.077328647      3.808940287        4.744479618
5.7         4.716444168      3.979065553        3.623965598
6.1333      5.20251979       4.099052031        3.136669334
6.6         4.447759684      4.071452562        4.790523675
6.8333      3.908839606      3.526547476        2.567932703
6.8667      3.347745522      3.313711869        2.774446288
7.1         2.84153272       3.036679607        2.034880749
7.3667      2.866342266      2.514881308        2.683873665
7.6         2.954063945      2.396845381        2.096359898
7.6333      2.944059288      2.141037135        1.751282109
7.3667      2.773693198      2.161971831        2.118558224
7.1333      2.511120002      2.288785766        3.194670855
7.0667      2.516193906      2.310583213        2.183413488
6.8         2.155057302      2.323674455        1.803370807
6.6333      2.049222888      2.283954872        1.960090679
6.5667      1.926167409      2.130424375        2.576474478
6.2         1.824859144      2.013514126        1.71633264
6           2.376703532      2.173839434        2.444861263
5.6333      2.294132944      2.16556217         1.927054903
5.4667      2.381917697      2.183084444        2.646863579
5.6667      2.390286521      2.12380529         1.480504441
5.6667      1.92183857       1.939795637        1.708501879
5.5667      1.893403484      1.952549528        1.978073668
5.5333      2.033902034      1.90925574         2.4726201
5.5         2.12225966       1.876135857        1.348646571
5.2667      2.095837736      1.932142044        1.932342504
5.3333      2.350707816      1.855845752        1.673093611
5.2333      2.180943962      1.780240509        2.16870645
5           1.723583855      1.790311382        1.388765195
4.8667      1.592958122      1.570207518        1.053554062
4.6667      1.25487536       1.491715632        1.359172154
4.6333      0.874647872      1.193096259        0.971557843
4.4         0.85298175       1.042071129        0.784850226
4.5333      0.913692789      1.129358077        1.403194268
4.4333      0.949380338      1.081740799        1.168404998
4.3         1.126451208      1.225857476        1.548628846
4.2667      1.616355682      1.471687923        1.767460228
4.2333      1.838939306      1.451045332        1.320704815
4.0667      2.068579368      1.624338242        1.861418601
4.0333      2.698397923      2.074552296        3.360137051
3.9333      2.525714403      2.127920902        1.980459386
4.0333      2.436257728      2.263777519        1.86091279
3.9         2.284686808      2.246255395        1.791623808
4.2333      2.19444892       2.201587238        3.17963627
4.4         2.343225393      2.498496693        3.170701766
4.8333      1.987250471      2.429145759        1.585514284
5.5667      1.635762313      2.374685908        1.575312833
5.6667      1.016999261      1.858530913        1.114466737
5.8333      1.106595505      1.432440625        1.45518655
5.7333      1.496610617      1.409287467        1.492793644
5.8667      1.826372467      1.448417703        1.732180794
5.8333      2.360814383      1.740451221        2.283792517
6.1333      1.76279723       1.640671692        1.057772611
6.1333      1.697169457      1.677823344        1.64126542
5.8667      1.520109786      1.624733435        1.519873983

